5108 -5845 7660 -2036
-961 2997 -3845 6492
-2167 70 -2047 -6618
6206 264 1118 6896
6170 -4274 -6222 -3522
-2267 7387 1363 1776
-5846 -1108 -6763 -2607
4754 2818 -7692 -6093
5412 7557 147 -3012
-735 2090 1007 4237
3053 -7854 1761 -5229
-3001 513 -5224 235
-3899 1269 1287 1424
-5116 -2682 526 -6535
-7792 3429 1246 -7910
6685 2955 -5758 -2592
2291 5550 -5495 -6576
8129 -1616 987 886
-1338 7605 -4646 -1943
582 -7433 -4347 -7442
3832 -6834 -4862 -6537
7200 -2906 -6977 -3150
-6416 7053 -3790 585
317 1367 6557 -145
1229 -2686 -3918 7199
805 83 7149 3484
-7764 7146 1759 7995
-3769 6623 3959 -2718
4653 -4911 4432 -2576
-4938 1040 -1853 -1167
-1042 6160 6373 -431
-3901 -3585 -6205 6220
1335 -7375 1134 2427
-2451 -7893 3581 5943
-7081 -4293 -8174 335
-1362 -2938 8105 -1974
4595 628 -1526 -7181
6666 5202 -706 -4691
3301 6630 4091 2037
3345 5068 -5124 4788
1189 -7621 6522 7387
-4149 2196 4784 3066
2961 -2739 -2437 6663
1522 5770 -5671 -2564
55 -128 -1923 3941
2868 5810 -1872 -3217
5406 -1502 -4581 -7866
-3427 -5716 -7502 1362
4543 7549 -3571 5005
-6846 6641 -7173 -3641
-6183 158 4136 7300
3329 3846 -7236 2482
4642 7835 1159 -4672
2362 7567 -1250 3726
-7817 5921 -3702 -245
4312 -161 2073 -629
4439 -3756 4050 -6992
929 4655 7523 6094
3705 -523 -6182 -5111
-4720 -1716 -4485 -4035
2288 -4086 -2578 304
-1201 -4266 -7903 -7740
-1094 -393 6060 -3825
5789 -7627 5450 -6126
6951 5413 -1422 -6464
-4926 -4845 3043 -4491
3864 -1982 -29 -255
2332 -6290 146 125
-3599 -1567 1969 -5601
-5210 -8072 2597 1921
1688 1583 -7221 -6430
5711 -6353 1726 6623
-4350 -5507 -2176 847
6132 7599 4118 -4004
-3299 -1628 -3906 416
-2860 3949 5472 256
-441 -4420 6006 -6098
257 4346 4201 -5539
-5564 -5275 -6293 -7696
-4458 816 8120 -3201
-6267 -3048 1765 3748
4235 1109 6013 2902
287 -2572 -4850 629
-7485 7267 3289 -1526
-6721 -6864 -3355 -6953
-3143 5219 -1850 -7640
-2165 629 -8181 -1637
-8086 5002 -6006 4304
-7371 -2013 -537 3882
1957 6902 4235 2076
-7821 5134 -4693 -6738
-1109 5631 -5397 -7133
-3707 5472 -1256 -3521
-2132 -2798 -2643 1483
-6281 -5177 -4355 3361
-2943 6127 -2125 -3791
-5144 -7255 6944 5462
6633 -5678 -1984 -4473
-7600 6357 6850 -4721
293 -2374 -3120 6748
-3025 4203 -3413 4130
-3958 -4891 -4542 -143
-2034 -7503 835 -7563
-6598 1468 -1599 1191
-3203 883 -1439 -7527
-3537 3457 111 -4830
-7537 -1470 7121 3566
-3424 7597 2124 3755
-6288 -5679 -4978 -5667
2312 2978 -6215 -1056
1222 -4775 -7920 7634
-2419 -2525 -5311 4985
1964 -4904 5059 5458
-7012 -6501 -5577 4469
-6435 -2189 -840 2230
-2121 7573 1695 3437
1858 3567 2702 -4263
5367 567 -80 3213
-8164 428 362 1853
-8167 7737 1890 -3969
-6719 -2152 1631 3231
-1558 332 5466 -170
4606 -1577 -3437 5668
-4225 -446 7403 6044
-3364 -5676 6616 186
1108 821 7066 1081
3740 -4994 355 3410
-5024 -7496 6910 -5757
-4349 -6004 -5717 -3297
1093 -7713 5195 -765
4491 1487 3905 -4513
5501 -7632 -1975 5592
-4377 7004 -4213 -3733
4722 7663 5495 3713
1504 6256 6005 1560
1978 3604 1398 -7290
-7708 8142 4160 -5495
-6059 -4972 3865 535
6836 -244 6286 4837
-6788 -516 -1842 3860
-3447 -2040 -6794 3146
-1503 5068 570 3112
-6010 -8081 3682 6996
-1560 -5317 1167 -8001
2965 -6440 3906 -3614
5840 -3389 -5075 -3853
-1353 978 -5773 -1822
-1540 6080 2238 1150
-1347 5805 899 -1138
-6551 -2822 -2671 -7410
1744 3420 -222 7250
-4561 6274 -3929 2083
-3361 -8098 -6459 -8079
-1353 -260 -7263 2823
-5426 1449 -6734 -359
-6566 -5199 -1386 -7278
-7156 4937 -4955 5664
4301 5659 1847 -2627
3562 -2229 -2917 -6121
1193 -5128 6703 -2756
1367 7032 6797 6698
5899 6929 2905 7041
7065 4757 -7681 -2422
-3191 -1503 1510 -6229
-4002 7580 1875 -1676
-703 -8178 -344 -4374
2124 2766 -2107 -4972
-6266 7951 7050 7565
-8133 2272 5149 3020
-901 2334 3666 6019
4529 -2112 -5377 7524
-769 7736 3947 -1002
2717 -4623 6242 1265
-1646 -7998 -7769 -3253
843 -2153 -4154 4810
-3117 -7393 -1330 7024
-1621 -3623 4354 -8013
815 -5425 -2248 -1019
-3182 -52 880 -6632
-5556 -7444 3064 6058
-1385 4147 588 -6920
1192 -6331 -4737 5359
-2633 -61 7056 -790
2073 3284 -3091 -7071
-1923 -8036 7016 617
7276 6375 6029 -1411
-8143 -3438 -1215 -6478
-4369 1862 7521 3138
948 -4812 1330 -2025
1612 -7421 4952 -3014
-663 -5303 -7695 -6217
2008 -1168 -6671 5500
282 -6486 -2253 2654
6818 -4767 333 6124
5002 -6275 -1952 6456
1437 1003 7844 6777
3953 7128 5502 227
-439 29 -2093 248
7487 -2934 3467 -2867
2818 -2942 2013 6444
5726 -1789 3717 -1190
-2762 7851 1316 -6118
2116 6605 -1574 29
763 1608 -1909 -2065
1305 -6347 -2371 -337
2348 3188 -6726 2113
-116 5365 -8046 5121
-6392 -5871 4304 432
521 -8012 -3259 -4637
-2420 -3638 2283 5683
-5800 3452 -4379 -1509
-5721 -1471 1160 -6868
-1298 5027 3432 -3356
-6624 5947 3295 -5446
-3233 521 -703 -4208
-6166 -2989 -640 -3438
8079 2710 -7913 -3898
2669 2210 187 4843
-2916 3536 -183 4071
3551 2832 -5974 2465
8079 2420 8190 4876
7522 3007 3745 -2239
-432 354 6822 1046
-5141 -6237 4181 706
-3909 -533 1637 5836
-6327 -297 -1827 2386
5770 1657 1033 6829
4520 -7557 1131 -5075
3889 -2110 6757 -191
-384 6220 -7546 4893
-1029 -433 3813 -8094
-5462 -5862 -4829 -3897
3208 6109 2597 -145
-5054 -2427 -7000 -3217
3207 7880 7335 -2051
3408 -517 -263 4639
-3207 3470 7814 2554
5698 1168 -7227 4837
2882 3104 4397 1293
-6353 -5587 459 -2481
3754 -2698 -5579 -1057
4283 -845 3963 -7110
-5322 1837 6737 6548
5012 -1413 -5256 6261
-2022 -1510 -2579 -3
6667 4928 5751 -4427
477 5228 4821 3545
4270 5085 6803 2549
-259 -1675 -275 -3881
-6815 -155 -6463 -5207
-7209 -1002 -620 -5519
1210 -1928 -4651 -4576
4123 5353 -2812 2037
-6213 -7489 -595 6270
-6600 -4352 -7831 3486
6802 4916 -2666 4845
7912 -5612 3089 -7381
-4903 6294 -7867 5654
-4540 4011 5437 3871
-7347 2114 -5636 -2921
3219 4681 -5356 -8082
-1659 -4543 -4538 -3755
2680 5498 3665 -1702
-6315 5842 7633 4259
-5946 -5017 417 -7272
-2646 2173 2774 -6668
-2902 2667 -1648 4979
3951 7617 -1087 2457
1214 -7257 4757 -5796
-1841 1449 2824 7398
-3146 -2329 1452 6475
-5096 -6097 6792 -6490
-4922 -5910 7785 2721
4395 2381 -2413 -6247
2819 -188 5881 5728
6936 1945 -7410 -4343
-5554 -2169 -742 6904
6451 7471 -1408 7959
-1940 4482 5131 7527
-2030 -2151 -537 4293
-7971 -4406 502 6254
3129 7588 -5623 555
4694 -5828 -1816 -2891
5332 -3946 3259 5513
4932 210 4741 -4993
6766 -7161 5108 2334
7121 -7804 2980 6466
-5094 3234 -7688 4944
5662 4986 7773 3635
-3038 -4227 6291 -5277
-1683 -6143 -5628 6739
-6765 -5092 5275 -1084
-609 -4038 4084 -2766
4549 5441 -6920 -2206
4523 6336 -7938 -4126
-7998 7334 -5097 1040
7311 -6806 -6933 -7829
1542 -3701 -2019 5538
-6057 7217 3827 3853
-7950 4511 -6357 5937
-7258 -5762 -3368 241
6164 -4279 -4844 -1381
496 -5705 -214 -2716
-4587 80 7357 -4737
1027 3796 7823 -3825
3081 5049 5086 -7450
313 -207 -1607 2983
-6370 -1535 6343 -3495
-1306 -4823 -1912 -7990
2008 -5042 -239 239
-358 1090 5832 3111
2848 5021 -169 -1425
5748 6871 -6406 -5107
-2155 4876 1658 147
-5252 764 7722 466
3314 -8035 177 -3518
4006 6096 2440 -5272
2682 -2749 -972 7447
6399 -3043 7764 2887
-4867 -4845 2928 -5033
1106 1448 -4055 6740
4788 -6580 721 6318
4070 2054 2413 3829
-2830 -1683 737 6898
3902 -2824 -2160 5653
-5495 -4260 3190 2778
-7533 7845 -2893 -532
6547 -1403 8132 -7212
2655 6799 2721 905
5203 6698 664 3859
5188 6646 780 7754
4893 -3288 6948 -5219
-7731 -2152 -5812 2440
-766 -489 4718 989
-6816 -1035 7482 -6074
6056 6909 -1543 4043
-2058 -5725 995 -2438
-7638 -7629 2655 7285
2330 6513 5333 -6369
865 -4858 -5223 -1622
-6928 -6221 -3923 3704
-359 5253 -4861 -6311
-1437 -646 5065 -1272
-6236 5408 1514 -5788
6931 -1532 -6537 -1531
-112 -1846 -6297 -1034
3185 3518 2632 5757
4365 -7398 3479 -706
7701 3194 4339 1360
6599 4123 3297 6790
6356 2685 -6693 -6975
-436 -4473 -1416 -6996
5077 6838 -5944 -1389
-6427 -2772 6052 1964
5536 -7805 2148 -7766
1822 7675 6402 3417
1492 1815 -5650 97
-23 2609 6203 1866
-1730 2 2205 -4183
-4280 6144 -757 81
-677 -8099 -5900 -3730
-1967 7363 5141 6492
2764 -2308 6659 6697
7673 -8031 7261 6503
5997 -2640 1420 4358
-1963 4717 -1271 -5230
5212 4424 -1129 -3244
-130 5153 -1604 -2085
-1031 3075 -134 -3554
1157 2632 6346 -6388
-5934 3901 -6321 750
-3992 -6682 -5509 5474
-2017 -6111 -8072 -5895
-89 -3757 3982 5555
-6728 5072 -159 -6196
1964 6442 5217 8085
-5505 -3934 -2806 -6777
4591 6219 3719 -1769
-5702 2654 60 -1841
-492 -7677 -1506 -5390
4159 5546 4575 1515
1967 3384 -2417 -8042
-2634 -1122 6169 6056
-1018 7379 -2349 -4398
-4638 -5143 -5785 -5422
1417 7113 -7774 -5368
-6674 5287 -1467 4470
3169 -2440 -591 -4085
-6869 -5346 -2781 845
-3797 -3595 -7320 -5242
-5134 -1518 268 -2355
4150 5283 -4178 3334
-5531 -4109 -4892 7021
-5467 2500 -1638 4215
6438 4498 6772 7630
5116 -78 3106 224
-4216 -6063 3 2049
-120 2390 -7937 6475
-2773 2447 6080 4897
-3313 -2744 -256 -7052
