-5300 4586 -7760 3746
7469 -9862 13109 -10654
-10275 9751 -6133 -2167
11209 593 13022 6203
4112 -6871 -349 -8652
-15233 -6125 2439 8288
3555 16630 -5966 5542
-11424 -4516 -7907 -4068
243 289 7346 2505
-7909 -1588 6928 8619
8944 2950 -898 1652
465 -17289 -5137 10170
-4450 -385 -6903 -8666
15120 4132 2268 -7420
426 3668 -449 15880
1464 -1784 -7619 3293
-4600 2779 -9249 5812
4895 2784 4670 4839
10555 5393 -13220 9232
-1693 -4767 9927 785
1489 13222 15511 20822
271 -1547 -7788 4002
-22443 6447 5791 -3854
-4113 8649 2562 -1488
8276 -6255 -2272 5218
5679 -4710 -6387 -269
2068 -6999 9714 -8247
-4058 3313 8694 6778
4325 -13854 -2587 5989
-9479 -3841 -13239 -9112
11672 9088 -11358 -1865
-8171 -7801 3614 9089
6793 -9581 -3809 -2782
8756 3356 4088 1201
-968 2663 -4708 3518
-7410 -3631 3409 5190
-10081 -11688 -5648 3308
-3770 12231 5233 -2533
6063 9963 2934 5450
2386 -4434 -11268 10520
-10829 1454 3959 -8336
-9170 6971 -9096 7740
5827 5836 891 21282
-4479 2979 -750 -10769
-10284 4918 -8389 1945
-6794 7345 -2420 -3172
-6972 5649 -15449 10451
9192 -2305 -11426 597
-8779 -5792 -3795 4608
-5515 -1735 11665 691
9889 -5476 -3465 -8175
-6864 -11487 7103 -16768
5747 -835 -8626 4821
12751 -698 -360 12028
2815 -1110 4918 1552
-9384 6942 -4072 550
-5355 -16334 -2951 -7836
2489 8061 -8501 -7922
3194 13637 -22396 4164
-8561 5121 5136 3701
-171 14371 324 -6374
17372 9230 -19184 2063
-5984 2869 4668 -7444
-8375 -15503 6045 7746
-5075 2856 -823 15527
3603 -2737 6471 11833
4658 -7790 6651 5641
-4529 -4183 3841 3522
-1486 -460 -587 -404
-80 -11370 5151 1637
597 6405 -15948 12764
-5976 -11740 4976 -1735
7872 12256 -2976 4345
7977 -168 -4572 13989
-812 3690 8022 2209
-2813 16977 -7067 3209
14067 6107 632 -2047
5984 12869 -2795 10190
-4673 -5425 12647 980
-12333 9776 -720 -3258
5082 -18922 9727 15526
-9953 6305 -4026 -11858
4404 -2185 14774 -2211
-9412 -473 5403 12927
19921 19942 -3511 -1797
-2144 -4058 -9141 -3711
-1398 3864 4287 11286
-4185 7854 -14466 8716
8277 11759 3376 12579
-7967 312 -12720 -1868
-820 8098 6320 -1946
2574 -793 16871 5026
11001 -4414 1309 -9057
-3690 -3811 -10949 17524
4898 -5859 8803 -789
-616 2965 -189 4170
4214 9127 4746 11482
-12434 11262 -2067 -1261
-4480 11691 -10 -5655
-407 -6710 -6217 -925
-3014 10342 190 13182
5464 -2463 16662 -4947
-3496 4713 -13550 -6015
6701 12240 -3698 -6958
-5489 11810 5106 6960
865 3940 1484 -2931
14344 4834 1035 7144
-4986 4462 -705 1224
-22432 3983 -4824 4032
5860 -7782 7059 914
-9980 -191 -947 -4009
-2597 -5674 -4822 6650
14243 2006 15904 -1287
-4115 1968 9956 -6858
8023 -3932 -2343 7965
-4431 -2652 -344 -2834
-7364 -9338 -3546 766
3176 9469 -16153 -3305
5849 14695 -11128 -9952
-4670 -7023 -2814 5975
12347 947 -8360 3509
-5911 6607 -4719 -1926
-5953 19009 -4758 7257
11225 -3736 3386 10345
7263 -1531 -10104 4259
1248 15823 -7180 -1727
12438 2442 2004 2143
895 9970 -21414 -6039
5121 3997 -7403 11668
-1864 6393 7332 -7079
12647 601 4312 -11047
2927 -8355 -11206 -4395
-1641 -622 2822 4586
-785 -12277 1241 1236
-13748 8678 3740 8519
5291 -3566 -2074 3670
6829 -8900 -1660 20400
-4169 -2270 6631 1383
-15628 11566 -8199 2016
1149 -133 19562 -10746
-11661 -7461 -2866 -21828
3706 -3750 -5323 8930
-7038 5070 4122 -3604
15642 -200 8782 -2068
-85 -3282 12490 -4924
2362 8240 7882 -15716
-6266 9307 7346 5711
1512 -11838 635 -4976
8065 -146 6717 -9031
6290 3414 -20896 12221
1161 14430 -2094 -928
4971 2385 15511 1228
6244 6572 -868 -4011
-12006 -6177 -7270 -852
-2660 -11970 8173 -58
-552 1502 -1817 9622
6725 9848 5551 7597
4735 1561 6749 4205
-15134 2510 -2792 4782
2218 7782 -2955 9190
-2697 370 12549 -3396
6341 8348 4113 -1566
-17584 -244 6873 15633
8635 -4239 8707 4528
-961 14684 -3784 -5842
5836 365 202 -15602
17010 657 -1392 4740
-21190 -2031 2542 -3803
7774 -8939 -4399 -9824
-4035 -10882 3992 -1746
-11377 -8953 -10749 -10811
-19500 -13203 -4690 464
5524 2530 16071 2075
-9694 2967 -11156 376
-6338 -6348 -6709 18344
-13369 -5690 -8971 -9959
9276 273 1767 -13655
4009 -4425 7675 2110
-3550 -13165 -4828 3821
9099 4295 3447 6180
-3551 4029 1547 4319
-3742 -17135 -3915 -6493
-10989 4982 4888 324
-3433 533 5127 -5176
-3396 11178 10710 -3344
-3582 2322 -495 19
-4391 -5707 -4290 5800
-1656 3141 238 3781
-106 16112 10919 2810
-6415 2183 9298 -11617
7002 -8277 -6620 -1214
-1504 9032 3546 2759
6251 2115 192 17603
-22884 6008 -2996 8601
-16034 -8077 4677 -1233
-8162 -8251 21670 12078
6372 -5258 4023 -1543
-1868 14365 -6035 -11434
-13736 -11423 9545 5165
-21498 -6247 -1598 11546
-13436 -1283 16937 -3319
-9793 -2619 -2008 -3767
-3860 -4750 2537 1943
-3669 25 298 7003
2159 153 1568 7329
10944 4379 620 -1752
1535 -7293 -12503 -10061
-13936 -3158 8795 -2118
17147 3457 8617 -14335
-258 18830 109 -1223
10918 -10871 -6350 -123
13359 -8300 6549 5143
-183 5725 -11019 -11505
-5795 3455 1146 15915
-11672 3665 -864 -5791
2721 -15676 -12625 3511
2083 7189 14697 -1437
-569 2740 12239 -204
-2502 1934 -12089 -12502
-8934 -3967 -4062 13101
4763 -7118 133 7168
-9649 -4946 -1150 989
14710 -8405 -10208 1244
4693 207 2998 -10398
12638 7843 10197 6920
-8734 -10505 8867 1906
4967 -9794 9914 -695
1058 687 -15595 2959
-2535 12252 17251 3389
-5159 -18988 5391 8289
15637 -3318 -765 -16356
-14377 12673 -19117 -19325
2548 -981 1533 1904
-6357 -37 -12123 8285
-4961 -255 -11118 5867
4793 11998 -13002 -14246
-6413 -3129 -1341 7332
2653 4535 -8248 -733
-3415 10063 -5740 -924
6087 -8290 -9344 -5478
5001 -11052 -9260 3384
-12172 -6128 -7425 12474
11193 2031 -7362 -8868
-4744 11357 1800 -3126
-5863 -91 13476 -7460
1721 -8431 3682 -4515
1011 10525 14171 -7514
-14440 10510 -13521 -12814
-14116 -13027 -4132 1300
-16477 2948 1172 -14152
8707 -3731 -4464 -8813
17354 14642 8351 8313
10271 -13942 -6925 17147
-5984 6693 981 7813
14814 -15678 1380 -3214
5302 1639 -13710 -8194
-667 158 -2989 -2599
-1745 -2216 -4099 -881
3477 -6813 -3466 20873
-10607 3680 -4268 -103
7406 -2878 8695 -8624
11131 9341 -1958 -13611
4354 10790 -4862 924
-13506 -2850 -3378 -481
-17991 6281 4876 12151
15143 -13814 3031 -5385
-7763 274 8579 2374
-945 -16285 1107 13224
-10611 -16207 -2165 -1052
848 4740 -4757 -2249
3029 -2172 15627 7207
1855 -2983 -218 3817
5086 -3793 3441 -5044
-1104 -11960 -10493 501
17175 808 -3314 -8105
10912 2441 1491 644
10667 13426 239 -5597
-4533 6793 -2895 6756
8789 -4122 18185 -10404
-5749 -3545 -4668 -7233
6826 -7877 -1604 1660
-641 18381 -15072 2126
-10215 -556 -7895 4032
6776 2919 -7642 -494
-6472 7900 510 2825
4421 -827 -186 7382
-7402 1336 2456 -18495
1319 3657 -1325 14929
-9764 -4502 -6753 3605
-4016 3467 -554 -5253
3702 869 -3385 -7303
4068 -15690 10292 -19384
-3197 13903 5626 -1977
-6527 -5252 3791 -1764
4562 -4153 -2463 4444
-7777 -6475 -2860 -5867
-6703 -3997 12867 -1244
2196 2394 3687 7174
-429 -1339 -4931 7687
-14325 -5569 -5730 9862
9944 -16331 -448 1500
-7588 -10804 -9129 -7343
6176 374 -13199 -8797
-3239 -6017 8303 2843
-1393 -7567 -7443 -10767
-751 -260 -15469 -6939
14395 2792 -9363 -9326
-4153 -92 8193 -4294
-8794 -10196 8953 7310
4296 -2072 -5999 896
306 2795 10364 4035
3029 3160 -9948 -548
6733 40 6719 -3110
-9005 6547 5272 -2100
3518 -11557 19504 395
10321 10678 500 -6954
8210 2631 3382 9071
7536 -4783 -1285 -15121
-11461 1080 -7904 -10350
14416 -7639 5869 7126
4768 -13235 -1550 -3217
-8868 -3532 9592 -7317
8306 -17155 -2389 181
-21304 8154 12863 16639
-673 6092 -2072 10806
3688 18487 -15331 -7125
-8341 -6457 -5043 2249
5390 9225 -3920 504
17427 355 8843 9715
-1762 9961 -5016 9552
3032 7366 16524 1393
7473 -3003 -248 -6432
8205 5544 -19504 -1105
-1741 2771 5116 -12898
-6311 -3616 -7602 -79
10870 53 1138 -222
1081 -1666 10406 -6645
6218 1259 -3219 2485
-4889 8551 577 2719
10954 -2325 6353 -470
5768 502 12381 -13258
6298 -668 -9086 199
10515 -4421 2097 -11299
-2718 -11410 128 -5989
-8236 3521 -8923 11585
-3661 -215 -18946 -1296
13433 -14529 -6952 -3169
-4364 -8027 -1552 6792
-1237 -1137 431 -13351
-765 -11846 -157 12506
-4638 -7160 3146 13358
12719 -4427 -52 15306
6245 2987 11821 9038
6784 -14739 -1511 8464
-25225 13716 5167 -8861
310 -2824 1856 438
-9765 -3869 -5443 2557
1291 9908 4484 14385
8970 2865 -235 3578
-3577 -6792 -6123 -6092
-4933 12705 690 10016
12041 -9787 5094 15238
4078 2389 4726 5317
6109 -3052 -2291 -1736
-3978 15827 -44 708
7423 6070 1452 7979
4059 8637 -2197 10860
1159 -22089 16039 10906
-28 5469 4049 3311
7910 1085 -2971 13308
-1806 11487 -13 -4178
-10464 -1707 -1734 -719
-744 -4922 -10809 -6682
2146 4569 4926 11204
-6558 12981 -7721 -6546
2167 8707 -12428 -2663
5379 8145 6750 -1120
-692 -16905 -1537 3535
2783 5270 9214 17625
-10448 5315 -3788 1437
6462 -7091 9730 -1097
-5165 7795 -6539 3567
9811 -4088 -1417 -4011
-2801 1081 -7677 13951
5235 4574 -2252 3956
-3757 1724 -21551 1866
1993 -2822 -14435 8425
5651 5451 -2349 2769
-15294 8306 -9390 -7875
-12059 13692 -2316 1173
2255 6242 -2727 10958
9189 1223 -1560 8746
-11739 -16673 10763 -4112
3060 -1412 3890 -3592
6031 -12505 -2691 -2044
-5549 -1856 3792 1789
6280 -5838 -836 13223
1775 -4599 7856 1722
-18528 2718 1949 -4491
-49 -4403 4853 -10007
-1692 4626 -1334 4955
-10682 -10584 -11161 -9398
-10390 11808 -2249 13839
-5168 -1305 5583 1573
-4751 -11715 -3712 -9797
6620 10159 -632 16206
3243 1017 -3683 2345
-9285 3584 -8227 -9645
7439 5617 -7725 -8065
-14898 3968 2126 -3594
-14480 -3931 -3894 -2953
-1377 -4212 -2816 -11245
11844 3562 -1540 -8773
8836 10718 4648 -5212
1709 14721 9314 4434
-1809 5496 -1342 -3931
-4249 4535 -740 -8166
-9626 11093 -3361 -289
-4178 5402 -6518 -5793
6858 13134 -4684 -2591
-5915 -10536 -8339 7999
7362 -6533 -9183 -12584
-5507 -8984 -5723 6631
-4774 -6480 -2211 4968
-4167 -3201 1432 -7564
-5708 -9496 -4948 3177
7453 3880 9067 3695
1556 17941 6171 -7132
5196 11101 2853 8363
-1793 -14889 -5735 -8349
1504 7809 1993 273
-1692 4936 -13747 -9757
-3752 2795 -8987 -810
4019 3390 6141 -15706
-3221 -995 16314 14204
10318 -13189 5990 6917
-4995 6786 5325 10196
13581 -327 11555 -7331
3564 2422 1445 1284
188 3516 -977 9533
8951 -792 -870 4486
2624 -4973 10453 -10735
3227 3121 14330 5141
1432 4885 1229 7875
-9689 -2531 11978 5964
-4683 6595 1814 -982
5026 -1596 -531 -13978
-8570 8772 -22233 -7253
-2792 -7980 8418 7229
5089 1912 1041 -5134
7068 2592 -11246 -2052
6236 8074 -1847 886
5092 -13326 -3412 -965
3609 -155 3794 4882
-6674 -1924 -8960 183
2474 -8670 5679 1259
-3719 -6002 -16881 -3119
-8262 617 89 -3251
-180 -2730 2991 -9308
5762 2469 6774 -4476
-669 9945 -3516 -3110
-2927 -6653 10380 -5616
-5799 -7187 -7916 12535
6420 -12114 1342 1982
-1885 375 6512 15545
14186 -6397 15305 -12632
-5858 972 6546 -5353
-10414 8077 7564 803
-5530 -5435 -6816 -551
8522 1270 12500 1357
6881 3905 9926 -6282
-6058 13854 11262 797
20181 17145 -325 -3202
6765 -405 1291 -9135
-7751 6794 -1421 7375
-16692 -8959 -12250 5087
-7393 -846 -3218 6949
-18341 8964 -5199 5476
-372 4118 -5834 13181
-1107 -2876 241 -12336
-10279 1994 -4485 7803
-981 7928 -15983 8066
-13429 3160 9797 29
415 -11655 3578 -6110
4588 3508 3441 4540
1842 -4002 -13581 -4179
7706 -162 -6055 18663
1872 5591 -2283 -8302
6834 -9810 -2655 9646
-1583 -10984 -15769 3738
12156 6697 -2199 7996
447 -2253 2206 3907
-7448 11540 5504 -2091
13647 -4887 4132 -5229
-3657 -2902 -10527 -5394
2225 12085 -433 -1496
6823 -11784 3 813
-1212 5505 4458 186
4275 -15970 4755 -10563
427 7038 -10679 9414
2094 -6311 -14877 -2550
5556 -2351 3412 153
-5397 2653 15475 -6177
12502 6652 -1179 -8426
17763 -14297 3646 1119
7572 -4606 4306 -9692
-4473 -1214 -10670 -51
12183 4384 6516 8258
322 -14195 -13173 10230
-8267 16836 -4840 14788
283 10585 10192 7000
-13189 -2690 3191 -8697
12662 -2130 -5436 -6547
-6071 10978 16001 1248
3788 -7977 5632 7215
7139 -4411 -2084 1432
8309 -1909 -1993 6416
-10 -17586 5320 670
478 -88 -9219 -1602
6001 8546 9984 8552
5028 3637 10461 -4283
7945 2529 -5480 11205
-14864 6564 -1083 2446
-2462 7590 1258 4502
-4708 7256 -9990 -6615
-569 -8165 -6752 4900
1959 -7062 -249 -835
5361 -2907 2201 -9291
10651 -126 -10121 -272
-7443 5926 18648 9736
-8940 -7916 4656 -7833
-17928 -6704 8020 7189
-7259 -7169 1513 -3398
6608 11124 1965 1184
-3559 -6683 -10984 -7789
1447 4821 11375 2352
-2175 12294 6629 7253
-1645 -2949 -6743 15619
-2778 6931 -8258 6253
7202 -7109 18834 -15720
4164 6626 -14034 4574
2016 -4324 -17928 -10401
845 3197 4294 -2254
3067 -2673 -10173 8726
-2841 6006 15303 3283
6517 7662 -5948 3167
-2296 6285 16526 1268
-6314 -1292 3009 2762
5522 -7438 -1600 -2360
22040 438 -1569 3429
195 8242 2303 -8773
-4113 -10574 3029 -5188
-6390 -11622 2041 6745
-1610 -3998 -17321 940
-1950 -6194 7216 -4130
11054 -9414 -7823 -5960
442 349 8727 17775
5886 2200 -16915 -8799
321 11637 15202 -8785
5537 -7212 -4106 -3399
-2559 -12203 -8268 -9855
4569 2844 -7726 3326
6965 6419 -286 11865
8333 -3260 13242 7738
-43 -1996 7724 -5864
12460 19437 -4708 -6737
-9751 -2535 13483 -7370
6988 9939 3703 -4825
-525 -7357 -9308 -11013
-6398 -5882 259 -4676
2411 4579 9728 -1118
-1993 1308 -19595 9333
-5114 3305 -3849 2530
6698 -3313 -11643 -65
-10749 -1407 17048 3374
-13320 -484 4173 2369
-7649 3377 -12630 -5551
9223 1791 -6498 -1924
6854 4256 -2305 -6607
-5620 -15655 -12238 -5475
486 5913 -6821 2630
67 4104 -17528 6464
-9339 -11035 3981 -832
-4611 -24319 -3857 -9305
1844 6552 -1333 4529
1200 -13988 6965 7225
7403 4055 40 -5139
11147 -7464 -7057 9629
12300 -2929 5816 5719
-5383 -6268 -10266 -6551
-3099 -2202 -11020 -8705
-996 128 -3181 -9953
6206 -12494 6167 3260
-7935 -5567 11946 19033
4891 -16035 -4368 -16953
-2028 33 -27 -6610
4295 -6758 -22287 4763
4491 3536 759 -927
1750 3095 3423 -5789
-12574 -12892 -835 1467
10471 14028 -1810 -8687
-8118 14487 1253 262
8877 -8964 -1970 -4407
2814 6090 -7456 2753
8142 3293 -7615 5721
-13553 7237 -6489 18904
-6196 689 12573 2677
-4102 -224 17432 -365
-476 2394 -7204 699
-3875 15240 -8164 9169
4019 -1332 11190 5667
-10573 -13666 -6044 8213
1127 -18348 -12700 -14116
-613 7245 3558 8500
2737 -922 2045 5320
-8039 -8923 1267 4643
3645 -3092 -13278 -6459
-4266 -3625 446 -6028
2591 8385 8411 -4756
11171 -5649 1128 8755
10009 2503 -9084 -2002
3192 -5541 3481 -14521
-2795 -375 -5909 3258
18179 2671 12238 -1070
-17743 5817 -13346 -4395
-39 -1677 -2543 6957
11585 -3174 -5475 -8862
10757 18337 -1698 -4070
-4386 -3633 -3337 -6619
-3879 -702 -4907 -5282
5168 356 -10802 8949
-3041 329 11572 9624
-8923 -285 3735 -7539
1222 5519 -11883 1794
-2879 -4009 21945 -4775
8436 13459 -6285 -6922
-13431 -3579 -6113 -8366
9455 -4796 -2894 -4778
-3327 7211 4187 -496
-2895 8551 6296 5117
13804 6828 -5614 -7931
9350 -7109 13089 -15358
6510 -3911 -524 8688
-8081 -10545 8229 14285
10717 -7982 -1508 1958
17093 1001 -6473 -13332
-6756 -6610 7650 -823
-3863 7670 6940 1381
11135 9020 -8595 -11952
16185 13660 -1890 -2374
189 9654 270 2226
4667 -6652 8359 -9666
4953 3572 12627 -2253
2467 -15225 3888 3743
-226 -2091 15401 2650
-7391 115 11885 -723
-2094 14871 -1886 -1096
5623 408 -9144 -3041
3793 -4304 9228 -1705
-8139 8423 2004 4475
-18762 -11501 3518 11123
-7070 1797 3849 4301
-178 8137 -5174 -8227
1711 -9420 7739 -7291
-13091 -3098 -5414 -2682
15562 8704 2363 6603
-10017 2409 3399 -2634
-3075 16772 -394 -3314
-8560 -4717 -8582 3443
-13552 1832 3586 -10162
1276 -10705 -4732 7812
8855 1194 2098 9935
6901 13981 8885 -12416
2748 1189 6046 -2761
869 960 -9462 15521
4415 8230 -2158 1326
5434 -13240 8343 -1687
-17473 3341 -2387 -3768
-11890 -10277 4360 -1368
-12698 4106 -3230 1498
-1603 -1573 1635 5267
-8177 -2194 -12620 393
-13438 8560 -19783 -9160
-2820 4387 6037 -9036
-5679 -3666 10322 4491
15182 6074 -6549 1903
-1380 -3366 -1873 8607
-3219 -1667 -1880 -10858
-3723 7703 7699 -2502
-5241 -387 12759 -1805
-8720 7070 -5131 12030
-2626 417 1873 -7283
3439 -13437 7054 -1435
-2064 5975 11316 -1218
8090 5092 8931 4498
2109 3991 9130 4615
-3108 4311 -6641 2356
1669 16353 -2341 9937
-10366 -12181 -1810 873
-10334 7570 -6862 -23925
-2545 -11423 7038 -2706
6650 -3889 5811 -1449
2054 -20490 726 7997
-2801 2262 -10016 -7682
-10433 -1926 -1987 -2451
-525 10399 3659 4976
-713 5222 4410 12256
-2006 -9713 3931 1007
-4078 3811 -6793 -17545
-10365 -20890 -2530 9973
3077 -7218 616 -7365
-18901 -5565 9517 -1875
-3054 6514 -5174 6780
-5408 -4735 1108 -9237
-6565 -4263 -4535 726
-13324 -12904 11325 3987
9938 6447 1706 578
7710 1608 2062 1837
14573 12312 10331 -6388
-8080 -349 -7777 -14766
4823 -5536 -9854 -4843
993 -2049 13978 12394
-5928 74 -1175 8014
-11046 -153 -213 -15558
20703 -610 -6110 209
4428 23074 -1138 -1551
-1297 7685 3207 -3660
489 -7026 1987 -17393
368 3355 -2383 -691
-11651 -6585 2163 2439
13369 9200 -300 2130
-11447 12440 8017 6664
5493 8718 2356 -2995
-8339 873 9738 -1359
-2364 17597 -2005 -11193
1538 1392 13996 1223
2983 -1415 -9175 -7912
-3876 577 -1073 18957
18890 12718 1366 5115
6264 -2650 14542 -8730
260 -8073 6058 -6682
2069 -204 9324 -20581
-17509 -8319 6383 -11650
-864 14331 -14949 -12726
-11471 -1937 1323 4963
-10857 5993 -19885 6743
-2986 4323 -5237 5340
-8779 15503 3126 2673
-8995 35 15631 12767
-9378 17980 16721 2016
-1689 -1032 23500 -3180
-2901 -5407 -936 18288
3514 -11690 -3400 11158
-14472 -1941 -4053 -7790
-2574 -4217 10218 -8833
6532 -3998 -10269 4925
1355 -10690 -4669 9760
13070 -24166 620 5389
10486 -5015 5946 12776
4918 345 -4385 -769
580 -1650 6177 17170
-9393 -11129 -15108 4714
-3632 4325 -6154 316
-18512 -2257 -4975 -2781
2455 9945 -16920 5817
-6489 12101 -224 1342
11563 -7753 -1043 1493
1481 3912 8869 2233
8145 4995 -14784 3745
-2070 -3164 9057 3171
-15382 17366 -17080 1143
-2389 5131 11576 1886
-3732 235 16100 11197
2189 -2922 2394 1040
9763 -3966 2598 830
-6971 -4714 7495 10160
1493 -14722 -5938 -3553
-12390 1038 -787 5258
11308 -8090 6545 -6308
525 -1879 10452 3575
3349 -2302 8549 3589
-3808 8446 -853 5251
-8533 11747 -10566 -1436
-4656 10648 888 3179
-7933 306 -6414 16310
-8815 -2041 -4386 -8201
-18849 -17976 -13854 -10763
-6121 -7285 8422 12551
10440 -290 -14705 4011
7502 21121 4106 788
-8653 19131 -874 -7590
-9223 -7986 6009 -1096
3402 11597 18377 7901
-1816 6135 1597 -7545
5319 -6415 -7715 -8561
-3705 6446 -3280 245
6610 4952 5392 -20382
-5729 9245 -12667 7672
16226 1543 2968 5444
3434 -11243 -6679 12618
2825 -10506 -7156 1143
12881 2730 18124 -5745
2119 7437 6295 5916
-2270 -2122 -6793 12526
269 4403 -6635 -1737
6815 2914 3275 7681
10478 10592 -12027 -10748
2985 13898 2741 819
1603 -14594 -2774 -156
8564 1736 5330 5121
3669 191 7291 1216
9033 15371 5707 11235
6354 -4924 1481 10300
5386 -3173 -12834 1014
-13427 -12510 2640 -11210
7436 -7196 -2822 12143
8495 9346 4721 4852
-3647 -5289 977 282
3766 8627 -6247 -643
9288 -13672 -2110 -3073
-10381 12297 -154 5576
-7467 -661 193 -1674
1154 -2333 -10932 952
3441 -4504 -8964 12216
8910 -1048 3592 17817
10068 6891 -7666 7105
15607 7246 -5803 8471
-3808 -12459 14522 15660
-10719 3630 6443 8360
3436 5769 -966 -231
4056 4949 4841 -3635
-5631 -4416 119 2586
3285 5972 -2841 -16737
8815 4781 -20484 -4879
-5379 962 -5491 -7168
2861 11920 11599 -12424
-10645 -14104 3461 -1981
1505 21720 20059 -4542
1346 7893 2350 -1829
5243 15001 -12226 -836
-11910 4172 -1267 10089
694 8200 -2690 9217
-4708 21352 8285 6468
-6135 5976 -5248 -8395
-1806 6396 2028 9042
9740 12453 -1657 -46
24427 -16424 -5520 5578
1413 -11373 -2033 18166
5159 254 4399 4348
-12748 -890 -8034 3733
2704 -1688 -362 -1569
2617 -1048 5087 1001
3278 -9709 -3699 -4825
-8933 9186 -9318 -7627
1817 -4397 7957 7063
15716 2649 930 -4107
4196 8557 10634 -2279
276 -15616 -2700 -17857
5650 -3898 -614 8953
2739 -3496 -12347 8166
-3528 6620 7484 -1916
11184 -6525 -15097 10679
-7758 13610 -10443 -4250
-11597 -9333 -2855 -6671
-19795 4568 -4155 5239
12039 -4573 8767 -6790
-1946 9345 -6430 -8729
-10008 9165 -1887 -7544
10559 8178 -3802 2138
-2364 7721 -11087 13563
6497 -1501 -8484 2221
5844 6351 12761 -16465
3589 2533 -6609 1440
-111 4689 -708 4980
3328 -2183 6651 -6641
-8501 -12781 -757 6928
-3888 1813 -13422 736
6937 11408 -12216 -5525
-5030 -6706 4765 -3380
-6450 11560 -2720 -2598
-13181 -5157 15614 -10447
-10621 -13166 -2846 -4119
4854 -7151 -6042 14203
-13078 13949 8008 4696
-10482 943 -7923 -1676
4468 3238 -2373 3428
-14319 5537 -15879 -16404
2748 -5899 -14124 -7887
-6042 11827 9232 8450
-2643 -5196 -4222 -16909
-6174 -5815 3064 -14028
4332 3344 1706 -2013
3925 15797 -6043 4560
-4022 7876 -3459 -9249
4020 11494 -7458 -10318
-839 -8238 646 10962
-9707 -6325 -9440 -9459
-5581 1367 -16646 11599
-35 -3344 -2959 9249
-13448 -288 13472 -1681
1522 8855 1943 9927
4493 -1318 5628 -3462
7183 -22039 7350 81
-1039 16418 -1639 -6329
7281 -10484 -3254 -4654
-2150 10283 7515 563
-3114 -2029 2775 8884
12363 -2128 -2486 -955
647 5748 -1960 3011
11245 6606 -3456 -11470
7996 16671 -6043 -5033
-6558 -5006 3314 -1866
4591 -1225 -646 -4231
9184 6415 8475 -2683
3629 -9724 -528 14856
9082 -4176 27 -402
-17539 -7741 2074 989
5251 -9046 5381 -3388
1311 -78 970 -18129
11768 2106 12120 5622
-15217 -2323 -1725 6350
1723 1205 643 -13791
7861 14331 -10016 -7369
-180 16735 2634 -5695
-5673 1875 12507 2272
-15794 12327 -7825 8175
18012 2263 349 -950
562 2978 2740 6864
-10315 -9937 -7864 15412
7279 -12577 4738 926
708 15094 -3581 -7455
6852 -2555 2125 -867
-621 14025 -17833 -8099
-8819 -8539 2440 49
4590 5760 4127 -11557
-2626 6992 -11039 12858
13538 2563 -2532 2222
97 10580 9037 5461
3404 197 5631 -638
12584 2220 -4323 218
4266 -8146 -20627 7245
-3401 -6096 3369 3173
-8480 -676 3785 -3016
-3438 -16567 19391 -8578
4397 1472 1692 3753
-8918 -3710 971 -7905
15426 3486 3980 1204
-11266 -16943 -10244 -4566
-102 -4986 5042 -3484
5284 6677 -478 3641
-7263 -10168 7644 4455
15432 1698 14196 -1306
-5562 -14674 1819 14177
9787 -9107 -4902 2843
-3464 6677 4772 -8073
-19446 9364 -6528 -5844
2872 -8050 7361 3960
-9014 -1172 -5183 -12309
-4038 -8340 12916 10433
3288 -292 -2618 -5758
3364 8723 751 10107
8104 5002 -672 -7339
4767 -4569 -8860 24575
-888 3176 3854 -10536
5868 -1544 11752 2080
7914 -2580 -14672 4956
-11183 -1857 -4888 3048
-6178 -13482 -553 349
843 -7322 1819 144
-3347 1032 -96 795
-16467 4452 -3129 19031
-1084 2646 6331 -917
5398 -8233 -300 -3926
5368 -5235 2641 -15130
-287 -4939 -14029 -1245
-7600 -7376 -525 -11678
-7075 -1508 -12425 5518
1427 4888 -2846 -397
12817 10325 -21694 15439
-7735 4869 -3633 2131
9909 6756 5323 5247
1845 -8 -2962 1804
-10019 13980 -3033 1500
-7405 10422 2068 -3006
-12790 855 -1972 3204
-5378 7947 -491 6898
-7369 -12529 -14912 11410
-12621 4125 -5858 -1842
4188 -213 -10076 -9028
3403 4624 5281 -7449
-1329 2923 11414 890
-420 -13045 4319 10925
-6643 2750 -6409 1557
4373 -12814 10555 1548
5897 60 -14380 2070
-1920 5973 6690 -5069
844 7994 -890 -4741
-2092 3029 -12423 -10564
2800 4340 -5412 2238
-1371 9399 1927 3061
